sum <- 3 + 23864298361
# This is a test script