sum <- 3+ 27272357
#this is a test script