#text practice
sum <- 348392 + 489298392803
